21255777-3	2	366988	8815
19501888-K	2	366988	8815
19818854-9	2	366988	8815
19667754-2	2	366988	8815
19668069-1	2	366988	8815
19813456-2	2	366988	8815
19692418-3	2	366988	8815
19707147-8	2	366988	8815
19838289-2	2	366988	8815
19611506-4	2	366988	8815
19849888-2	2	366988	8815
19618307-8	2	366988	8815
19653755-4	2	366988	8815
19748219-2	2	366988	8815
19847599-8	2	366988	8815
19754294-2	2	366988	8815
19705802-1	2	366988	8815
19719797-8	2	366988	8815
19854790-5	2	366988	8815
19791349-5	2	366988	8815
19813794-4	2	366988	8815
19882184-5	2	366988	8815
19705855-2	2	366988	8815
19708059-0	2	366988	8815
19637618-6	2	366988	8815
19748566-3	2	366988	8815
19616464-2	2	366988	8815
19780993-0	2	366988	8815
19747915-9	2	366988	8815
19772824-8	2	366988	8815
19700052-K	2	366988	8815
19777557-2	2	366988	8815
19767099-1	2	366988	8815
19818461-6	2	366988	8815
19728181-2	2	366988	8815
19785219-4	2	366988	8815
19697061-4	2	366988	8815
19813528-3	2	366988	8815
19684888-6	2	366988	8815
19750365-3	2	366988	8815
19700246-8	2	366988	8815
21177959-4	2	366988	8815
19834470-2	2	366988	8815
19652677-3	2	366988	8815
19512785-9	2	366988	8815
19813104-0	2	366988	8815
19801841-4	2	366988	8815
19838017-2	2	366988	8815
19830432-8	2	366988	8815
19812812-0	2	366988	8815
19719473-1	2	366988	8815
19845627-6	2	366988	8815
19906043-0	2	366988	8815
20101919-2	2	366988	8815
19512018-8	2	366988	8815
19792427-6	2	366988	8815
19685014-7	2	366988	8815
19753629-2	2	366988	8815
19767037-1	2	366988	8815
19747312-6	2	366988	8815
19688867-5	2	366988	8815
19611396-7	2	366988	8815
19847615-3	2	366988	8815
19697701-5	2	366988	8815
19733614-5	2	366988	8815
20255061-4	2	366988	8815
19877310-7	2	366988	8815
19834159-2	2	366988	8815
19620590-K	2	366988	8815
19689125-0	2	366988	8815
19809301-7	2	366988	8815
19864827-2	2	366988	8815
19495245-7	2	366988	8815
19829568-K	2	366988	8815
21255777-3	2	366988	8815
19705802-1	2	366988	8815
19813794-4	2	366988	8815
19882184-5	2	366988	8815
19689125-0	2	366988	8815
19708059-0	2	366988	8815
19501888-K	2	366988	8815
19700052-K	2	366988	8815
19637618-6	2	366988	8815
19849888-2	2	366988	8815
19700246-8	2	366988	8815
19818854-9	2	366988	8815
19667754-2	2	366988	8815
19668069-1	2	366988	8815
19618307-8	2	366988	8815
19813456-2	2	366988	8815
19777557-2	2	366988	8815
19652677-3	2	366988	8815
19838289-2	2	366988	8815
19813422-8	2	366988	8815
19653755-4	2	366988	8815
19707147-8	2	366988	8815
19792427-6	2	366988	8815
19611506-4	2	366988	8815
19906043-0	2	366988	8815
19692418-3	2	366988	8815
19748219-2	2	366988	8815
19688867-5	2	366988	8815
19611639-7	2	366988	8815
19830432-8	2	366988	8815
19685014-7	2	366988	8815
21177959-4	2	366988	8815
19812812-0	2	366988	8815
19756342-7	2	366988	8815
19620590-K	2	366988	8815
19877310-7	2	366988	8815
19611396-7	2	366988	8815
19854790-5	2	366988	8815
19791349-5	2	366988	8815
19747545-5	2	366988	8815
19719797-8	2	366988	8815
19753629-2	2	366988	8815
19748566-3	2	366988	8815
19697701-5	2	366988	8815
19785219-4	2	366988	8815
19813104-0	2	366988	8815
19495245-7	2	366988	8815
19616464-2	2	366988	8815
19834159-2	2	366988	8815
19747915-9	2	366988	8815
19845627-6	2	366988	8815
19700279-4	2	366988	8815
19705855-2	2	366988	8815
19772824-8	2	366988	8815
20255061-4	2	366988	8815
19512785-9	2	366988	8815
19750365-3	2	366988	8815
19747312-6	2	366988	8815
19801841-4	2	366988	8815